8,13
8,10
8,8
8,1
8,12
8,2
8,3
12,2
12,1
12,3
20,2
20,1
20,3
19,2
19,1
19,3
18,1
18,3
2,2
2,1
2,3
424,3
424,2
424,1
424,0
423,8
423,7
423,6
423,5
423,4
423,3
423,2
423,1
423,0
417,5
417,4
417,3
417,2
417,1
417,0
414,7
414,6
414,5
414,4
414,3
414,2
414,1
414,0
409,8
409,7
409,6
409,5
409,4
409,3
409,2
409,1
409,0
403,3
403,2
403,1
403,0
402,5
402,4
402,3
402,2
402,1
402,0
400,6
400,5
400,4
400,3
400,2
400,1
400,0
396,3
396,2
396,1
396,0
395,3
395,2
395,1
395,0
394,5
394,4
394,3
394,2
394,1
394,0
391,3
391,2
391,1
391,0
390,3
390,2
390,1
390,0
389,3
389,2
389,1
389,0
388,3
388,2
388,1
388,0
387,4
387,3
387,2
387,1
387,0
385,4
385,3
385,2
385,1
385,0
383,5
383,4
383,3
383,2
383,1
383,0
380,3
380,2
380,1
380,0
379,3
379,2
379,1
379,0
378,3
378,2
378,1
378,0
377,5
377,4
377,3
